/**
 * Name: Adam Capdeville
 * Lab/task: Lab 7
 * Date: 03/11/2019
**/

Script started on Mon Mar 11 16:36:34 2019
bash-3.2$ ./solvency ../../in.txt
ST
REQUEST: ST
  Available = [  1500.00 1000.00  500.00]
 Allocation = [     0.00    0.00    0.00] [	0.00	0.00	0.00] [     0.00    0.00    0.00] [	0.00	0.00	0.00] [     0.00    0.00    0.00]
	Max = [   700.00  500.00  300.00] [   300.00  200.00  200.00] [   900.00    0.00  200.00] [   200.00  200.00  200.00] [   400.00  300.00  300.00]
       Need = [   700.00  500.00  300.00] [   300.00  200.00  200.00] [   900.00    0.00  200.00] [   200.00  200.00  200.00] [   400.00  300.00  300.00]
bo 0 10 10 10
REQUEST: BO
CLIENT 0:  [	10.00	10.00	10.00]
*APPROVED*
ST
REQUEST: ST
  Available = [  1490.00  990.00  490.00]
 Allocation = [    10.00   10.00   10.00] [	0.00	0.00	0.00] [     0.00    0.00    0.00] [	0.00	0.00	0.00] [     0.00    0.00    0.00]
	Max = [   700.00  500.00  300.00] [   300.00  200.00  200.00] [   900.00    0.00  200.00] [   200.00  200.00  200.00] [   400.00  300.00  300.00]
       Need = [   690.00  490.00  290.00] [   300.00  200.00  200.00] [   900.00    0.00  200.00] [   200.00  200.00  200.00] [   400.00  300.00  300.00]
bo 2 100 0 10
REQUEST: BO
CLIENT 2:  [   100.00	 0.00	10.00]
*APPROVED*
ST
REQUEST: ST
  Available = [  1390.00  990.00  480.00]
 Allocation = [    10.00   10.00   10.00] [	0.00	0.00	0.00] [   100.00    0.00   10.00] [	0.00	0.00	0.00] [     0.00    0.00    0.00]
	Max = [   700.00  500.00  300.00] [   300.00  200.00  200.00] [   900.00    0.00  200.00] [   200.00  200.00  200.00] [   400.00  300.00  300.00]
       Need = [   690.00  490.00  290.00] [   300.00  200.00  200.00] [   800.00    0.00  190.00] [   200.00  200.00  200.00] [   400.00  300.00  300.00]
bo 3 300 300 300
REQUEST: BO
CLIENT 3:  [   300.00  300.00  300.00]
*DENIED*
ST
REQUEST: ST
  Available = [  1390.00  990.00  480.00]
 Allocation = [    10.00   10.00   10.00] [	0.00	0.00	0.00] [   100.00    0.00   10.00] [	0.00	0.00	0.00] [     0.00    0.00    0.00]
	Max = [   700.00  500.00  300.00] [   300.00  200.00  200.00] [   900.00    0.00  200.00] [   200.00  200.00  200.00] [   400.00  300.00  300.00]
       Need = [   690.00  490.00  290.00] [   300.00  200.00  200.00] [   800.00    0.00  190.00] [   200.00  200.00  200.00] [   400.00  300.00  300.00]
re 0 1 5 10
REQUEST: RE
CLIENT 0:  [	 1.00	 5.00	10.00]
*APPROVED*
st
REQUEST: ST
  Available = [  1391.00  995.00  490.00]
 Allocation = [     9.00    5.00    0.00] [	0.00	0.00	0.00] [   100.00    0.00   10.00] [	0.00	0.00	0.00] [     0.00    0.00    0.00]
	Max = [   700.00  500.00  300.00] [   300.00  200.00  200.00] [   900.00    0.00  200.00] [   200.00  200.00  200.00] [   400.00  300.00  300.00]
       Need = [   691.00  495.00  300.00] [   300.00  200.00  200.00] [   800.00    0.00  190.00] [   200.00  200.00  200.00] [   400.00  300.00  300.00]
re 2 50 0 5
REQUEST: RE
CLIENT 2:  [	50.00	 0.00	 5.00]
*APPROVED*
ST
REQUEST: ST
  Available = [  1441.00  995.00  495.00]
 Allocation = [     9.00    5.00    0.00] [	0.00	0.00	0.00] [    50.00    0.00    5.00] [	0.00	0.00	0.00] [     0.00    0.00    0.00]
	Max = [   700.00  500.00  300.00] [   300.00  200.00  200.00] [   900.00    0.00  200.00] [   200.00  200.00  200.00] [   400.00  300.00  300.00]
       Need = [   691.00  495.00  300.00] [   300.00  200.00  200.00] [   850.00    0.00  195.00] [   200.00  200.00  200.00] [   400.00  300.00  300.00]
bo 4 20 200 100
REQUEST: BO
CLIENT 4:  [	20.00  200.00  100.00]
*APPROVED*
ST
REQUEST: ST
  Available = [  1421.00  795.00  395.00]
 Allocation = [     9.00    5.00    0.00] [	0.00	0.00	0.00] [    50.00    0.00    5.00] [	0.00	0.00	0.00] [    20.00  200.00  100.00]
	Max = [   700.00  500.00  300.00] [   300.00  200.00  200.00] [   900.00    0.00  200.00] [   200.00  200.00  200.00] [   400.00  300.00  300.00]
       Need = [   691.00  495.00  300.00] [   300.00  200.00  200.00] [   850.00    0.00  195.00] [   200.00  200.00  200.00] [   380.00  100.00  200.00]
bo 4 0 0 100
REQUEST: BO
CLIENT 4:  [	 0.00	 0.00  100.00]
*DENIED*
ST
REQUEST: ST
  Available = [  1421.00  795.00  395.00]
 Allocation = [     9.00    5.00    0.00] [	0.00	0.00	0.00] [    50.00    0.00    5.00] [	0.00	0.00	0.00] [    20.00  200.00  100.00]
	Max = [   700.00  500.00  300.00] [   300.00  200.00  200.00] [   900.00    0.00  200.00] [   200.00  200.00  200.00] [   400.00  300.00  300.00]
       Need = [   691.00  495.00  300.00] [   300.00  200.00  200.00] [   850.00    0.00  195.00] [   200.00  200.00  200.00] [   380.00  100.00  200.00]
q
REQUEST: Q
  Available = [  1421.00  795.00  395.00]
 Allocation = [     9.00    5.00    0.00] [	0.00	0.00	0.00] [    50.00    0.00    5.00] [	0.00	0.00	0.00] [    20.00  200.00  100.00]
	Max = [   700.00  500.00  300.00] [   300.00  200.00  200.00] [   900.00    0.00  200.00] [   200.00  200.00  200.00] [   400.00  300.00  300.00]
       Need = [   691.00  495.00  300.00] [   300.00  200.00  200.00] [   850.00    0.00  195.00] [   200.00  200.00  200.00] [   380.00  100.00  200.00]
bash-3.2$ exit
exit

Script done on Mon Mar 11 16:39:41 2019
